7.178853425033209
7.237753621145579
7.222951905416884
7.185812003507004
7.161636328854531
7.222067346635774
7.165242934888037
7.188772346652743
7.265519564131679
7.134754944649536
7.163320483924612
7.17836049554665
7.0925789152292875
7.170517358291748
7.227495103440693
7.139637738758701
7.029340887703512
7.160853070265435
7.124343093543445
7.138106917089825
7.204850250457094
7.183243289655813
7.101851573961054
7.150049589864792
7.023913130898593
7.240322334996768
7.1377152877952765
7.087304491825576
7.147480876013602
7.222458975930323
7.142598081904438
7.027911366226649
7.116499956288542
7.2273417700394855
7.244813499811382
7.142989711198988
7.129225887652607
7.09992912299763
7.146596317232493
7.16755701514601
7.215262101563188
7.236222799476703
7.221574417149213
7.13914480927214
7.119953228920841
7.149556660378232
7.176438044583226
7.165242934888036
7.182851660361265
7.225027689781513
7.0965771505573425
7.215262101563188
7.148025838709358
7.162282591742297
7.198929564165617
7.176438044583227
7.258714319059093
7.132440864391564
7.141713523123331
7.116108326993994
7.167165385851461
7.142598081904439
7.093071844715848
7.1309100427226895
7.167165385851459
7.1283413288715
7.121245754696375
7.120106562322047
7.112655054361696
7.075854748537169
7.09169435644818
7.10338239562993
7.151087482047109
7.148518768195916
7.08961857208355
7.133580056765892
7.120043768474975
7.154439454487395
7.130518413428141
7.163167150523405
7.095930887669574
7.161890962447748
7.090503130864658
7.1258739152123205
7.1563619054508205
7.175501452592922
7.2716948840163775
7.106342738775669
7.228379662221801
7.156854834937379
7.148518768195918
7.224143131000406
7.1783604955466505
7.1253809857257595
7.184127848436922
7.119068670139733
7.192124319093031
7.214615838675421
7.198045005384508
7.210225974052817
7.222067346635776
7.129480521245826
7.1463059881299555
7.168849540921542
7.105066550700011
7.140284001646468
7.160206807377667
7.313377983950066
7.085773670156701
7.064659638841978
7.098499601520766
7.155324013268504
7.231986268255307
7.1602068073776675
7.190694797616167
7.168594907328324
7.072100386164455
7.182851660361265
7.102889466143369
7.194046770056454
7.161636328854531
7.215262101563188
7.068811207571241
7.138260250491031
7.176539344775238
7.121144454504364
7.146051354536737
7.167658315338021
7.209733044566259
7.3055348466951635
7.2182224447089265
7.0582460230639406
7.103875325116489
7.069049503464582
7.112263425067147
7.138208217281837
7.204458621162547
7.187734454470427
7.2008520151290405
7.197007113202193
7.088342384007892
7.192124319093031
7.232377897549856
7.110579269997064
7.157246464231928
7.187241524983868
7.156753534745367
7.124104797650102
7.145065495563619
7.14467386626907
7.13091004272269
7.165481230781378
7.301928240661658
7.202927799493672
7.277360936714636
7.083204956305511
7.166672456364901
7.085773670156702
7.106887701471424
7.151972040828216
7.035108240593783
7.290240201479909
7.2475192093639045
7.188772346652743
7.245596758400479
7.144673866269069
7.145065495563619
7.160751770073422
7.252946966168823
7.162674221036845
7.248557101546219
7.212794687904009
7.087696121120125
7.193008877874139
7.062244258391995
7.140284001646467
7.108265189739092
7.146834613125836
7.1162616603952
7.087696121120126
7.11418587603057
7.188772346652742
7.230302113185225
7.115615397507434
7.307457297658588
7.10595110948112
7.185165740619237
7.195185962430782
7.210225974052818
7.171163621179513
7.145558425050178
7.222458975930323
7.248064172059659
7.129872150540374
7.15290863281852
7.210770936748572
7.1720481799606235
7.134262015162977
7.250871181804191
7.087049858232358
7.1465963172324924
7.175400152400911
7.248557101546219
7.120991121103156
7.1370690249075075
7.249594993728534
7.067127052501158
7.183243289655813
7.130263779834923
7.068266244875484
7.17332436803628
7.157638093526477
7.213339650599765
7.162282591742296
7.124989356431212
7.206772701420519
7.224143131000405
7.130518413428142
7.223496868112639
7.166127493669145
7.171010287778307
7.16716538585146
7.110579269997064
7.19212431909303
7.1013229489651755
7.24559675840048
7.023521501604044
7.1127563545537065
7.1309100427226895
7.0965771505573425
7.176930974069787
7.13347875657388
7.081876735020658
7.194794333136231
7.005759442729611
7.2656728975328875
7.151479111341656
7.171555250474063
7.174616893811813
7.1455584250501785
7.105696475887902
7.201498278016808
7.134262015162978
7.1205994918086075
7.147089246719054
7.180282946510074
7.095147629080478
7.206926034821726
7.141951819016673
7.225419319076062
7.228379662221801
7.0779305329018
7.123014872258592
7.09218728593474
7.115716697699445
7.221574417149214
7.1902018681296065
7.221029454453459
7.109694711215956
7.195084662238769
7.18092920939784
7.039207776113849
7.200852015129041
7.1573997976331345
7.109796011407967
7.108265189739091
7.0727303113523465
7.198929564165617
7.0839525193852895
7.300498719184794
7.073540668279195
7.13140297220925
7.158284356414243
7.236222799476703
7.1349082780507445
7.12573691951099
7.23736199185103
7.165634564182586
7.184927444725894
7.241105593585866
7.137323658500728
7.160751770073422
7.091541023046973
7.201498278016806
7.203420728980231
7.129379221053814
7.242143485768182
7.1652429348880355
7.271201954529815
7.1361844661264
7.145558425050178
7.08616529945125
7.197160446603399
7.180282946510075
7.121382750397705
7.121536083798912
7.080345913351784
7.165242934888036
7.180929209397841
7.200460385834491
7.109796011407967
7.243674307437057
7.202927799493671
7.12794969957695
7.170125728997199
7.149948289672781
7.208695152383943
7.185165740619237
7.104420287812244
7.189163975947291
7.126027248613526
7.113301317249462
7.182205397473497
7.156753534745368
7.278398828896952
7.092023191895655
7.093616807411603
7.2126933877119965
7.1962238546130965
7.216538289638845
7.124597727136663
7.118184111358624
7.090656464265864
7.262712554387148
7.199422493652177
7.2025361701991235
7.166127493669145
7.278398828896952
7.222951905416883
6.997031746693599
7.139298142673347
7.230302113185225
7.171401917072856
7.197007113202193
7.118132078149428
7.065204601537735
7.195969221019879
7.155324013268504
7.211263866235134
7.1970071132021936
7.0996387938950924
7.185165740619236
7.164205042705721
7.148910397490464
7.108265189739091
7.11714621917631
7.12548228591777
7.256008609506574
7.1369320292061795
7.13914480927214
7.093463474010396
7.130756709321483
7.093225178117056
7.141168560427575
7.145065495563619
7.129088891951277
7.202382836797916
7.1253809857257595
7.108265189739092
7.2194986327845845
7.201889907311355
7.126265544506868
7.2431813779504965
7.2008520151290405
7.164596672000268
7.107380630957985
7.15044121915934
7.189163975947291
7.2023828367979155
7.163167150523406
7.164205042705721
7.054401121137094
7.079461354570674
7.039462409707068
7.237753621145578
7.140776931133027
7.19261724857959
7.1589306193020095
7.140029368053248
7.240221034804756
7.185165740619237
7.175882321249594
7.232224564148648
7.186203632801551
7.1377152877952765
7.209733044566258
7.151325777940449
7.151807946789132
7.201498278016808
7.1377152877952765
7.1150704348116784
7.118677040845185
7.0991458644085315
7.160206807377667
7.172048179960624
7.197500042688753
7.203420728980231
7.138599846576385
7.184774111324687
7.125482285917771
7.134262015162977
7.068164944683473
7.129872150540375
7.106342738775669
7.149948289672781
7.207911893794845
7.171401917072857
7.185165740619237
7.172048179960624
7.166280827070352
7.080244613159771
7.245103828913921
7.160751770073423
7.19508466223877
7.168203278033776
7.0580819290248575
7.173086072142938
7.165344235080047
7.093225178117054
7.201106648722259
7.223989797599199
7.193008877874139
7.230302113185225
7.13654039991163
7.163813413411173
7.203420728980232
7.241105593585867
7.0925789152292875
7.160206807377667
7.233262456330963
7.217184552526612
7.128834258358059
7.157791426927683
7.177475936765542
7.120991121103158
7.073932297573745
7.260790103423725
7.196122554421085
7.2623209250926
7.159713877891107
7.173477701437487
7.183243289655813
7.123066905467787
7.127303436689184
7.074323926868293
7.157791426927683
7.150441219159341
7.090757764457876
7.145950054344727
7.233262456330965
7.1705173582917485
7.070971954428006
7.208303523089395
7.142105152417879
7.146204687937945
7.110833903590283
7.121144454504363
7.122521942772032
7.121382750397705
7.1465963172324924
7.093616807411603
7.23637613287791
7.14787250530815
7.11724751936832
7.235184907294388
7.116108326993993
7.065051268136527
7.202536170199123
7.194539699543014
7.183243289655813
7.2616746622048325
7.20934141527171
7.269517799459735
7.099537493703083
7.268633240678626
7.140522297539808
7.1253809857257595
7.1637121132191615
7.11714621917631
7.234300348513279
7.070479024941446
7.225419319076062
7.13091004272269
7.136184466126401
7.133224122980661
7.2048502504570955
7.081775434828646
7.1529086328185185
7.129480521245825
7.18708819158266
7.087696121120125
7.1657358643745965
7.170517358291747
7.076892640719484
7.190694797616167
7.226303877857171
7.157399797633135
7.222458975930323
7.290733130966468
7.039991034702946
7.165634564182586
7.182205397473497
7.1705173582917485
7.168696207520335
7.187734454470427
7.194693032944221
7.06673542320661
7.1112255328848315
7.127949699576951
7.222067346635774
7.157791426927683
7.211910129122899
7.112909687954914
7.097615042739658
7.2391831426224424
7.158284356414243
7.21510876816198
7.16459667200027
7.142206452609891
7.136285766318412
7.1112255328848315
7.125482285917771
7.199575827053384
7.182205397473497
7.119068670139732
7.161244699559982
7.179891317215525
7.15290863281852
7.152517003523972
7.1329337938781245
7.136439099719619
7.222067346635774
7.213339650599764
7.158675985708792
7.332262897498951
7.118285411550636
7.182460031066716
7.087950754713344
7.070580325133458
7.274553926970104
7.193655140761907
7.145166795755631
7.174123964325254
7.164040948666637
7.166672456364901
7.215653730857736
7.142206452609892
7.178615129139867
7.175400152400911
7.208695152383943
7.164205042705721
7.11714621917631
7.127303436689184
7.29600755437018
7.05423702709801
7.198045005384508
7.142989711198988
7.2048502504570955
7.281359172042691
7.141067260235563
7.206772701420518
7.141067260235564
7.160751770073422
7.223496868112639
7.145950054344726
7.20430528776134
7.168594907328324
7.193008877874138
7.0988912308153145
7.07151691712376
7.227988032927252
7.260790103423725
7.20381235827478
7.147480876013603
7.201991207503368
7.235338240695595
7.116261660395201
7.073047738792637
7.160461440970884
7.22014489567235
7.136184466126401
7.097853338633
7.117537848470858
7.151870740636205
7.133224122980661
7.126621478292098
7.198929564165616
7.164358376106928
7.157008168338587
7.246634650582797
7.202382836797917
7.169479466109433
7.1269118073946345
7.180282946510074
7.17628471118202
7.173970630924048
7.223496868112638
7.117792482064077
7.130365080026934
7.188126083764975
7.169479466109433
7.226065581963829
7.210770936748574
7.130263779834923
7.080499246752989
7.25679186809567
7.148518768195918
7.0842428484878255
7.158284356414244
7.099775789596423
7.168203278033775
7.162674221036846
7.233262456330964
7.2182224447089265
7.151479111341656
7.113137223210378
7.251909073986507
7.128341328871499
7.152755299417313
7.223496868112639
7.169479466109432
7.124496426944652
7.138753179977591
7.081282505342086
7.145950054344726
7.134754944649536
7.204850250457095
7.097461709338451
7.212693387711997
7.222067346635775
7.190694797616166
7.18181376817895
7.106734368070217
7.142359786011098
7.18438248203014
7.184774111324689
7.142105152417879
7.19261724857959
